 0.000000 -1.195073  6.625527 
-0.000000 -1.196001  6.638862 
 0.000000 -1.192935  6.639284 
-0.000000 -3.583080  2.921140 
 0.000000 -3.582152  2.907805 
-0.000000 -3.585218  2.907383 
 0.000000  1.194538  4.773334 
-0.000000  1.194538  4.773334 
-0.000000  1.194538  4.773334 
-0.000000 -1.194645  1.124398 
-0.000000 -1.211776  1.139608 
 0.000000 -1.177769  1.140118 
 0.000000 -3.583508  8.422269 
 0.000000 -3.566377  8.407059 
-0.000000 -3.600384  8.406549 
-0.000000 -1.195073  6.625528 
 0.000000 -1.196002  6.638863 
-0.000000 -1.192934  6.639284 
 0.000000 -3.583080  2.921139 
-0.000000 -3.582151  2.907804 
 0.000000 -3.585219  2.907383 
-0.000000  1.194538  4.773334 
-0.000000  1.194538  4.773334 
-0.000000  1.194538  4.773334 
 0.000000 -1.194645  1.124398 
 0.000000 -1.211776  1.139608 
-0.000000 -1.177770  1.140118 
-0.000000 -3.583508  8.422269 
-0.000000 -3.566377  8.407059 
 0.000000 -3.600383  8.406549 
